$ANSIBLE_VAULT;1.1;AES256
65376138623634633434343764633336616235393431343063373631333361393333623065303234
6233333764323465303761396161616636376562316464630a666633346335643266353162633366
32653838663061343132373735356263633035303563306563303038373334333832613132353137
6537346437323030610a303936666435623830396537633961633264323761353864636536613839
33306263316263653637343661346433363666336639613531666533393338363132626164386431
64303963376635333630363736636365653838353130653539346431626537356162613031623833
33313637336336343333666337633737643631636262653633353531356334643531353461326361
63383233393930336666616461383932633231313032656662343236643630366566623236623661
32393236666534336662386235316439306239663432323535336236353066636265646361393535
32623939333664303338663132303137393934306265663434366434616165326539363035376163
663339373566653539393865663438646466
